=[0,0,0,0,0,0,0,0,0,0,0,0,0,0,0,0,0,0,0,0,0,0,0,0,0,0,0,0,0,0,0,0,0,0,0,0,0,0,0,0,0,0,0,0,0,0,0,0,0,0,0,0,0,0,0,0,0,0,0,0,0,0,0,0,0,0,0,0,0,0,0,0,0,0,0,0,0,0,0,0,0,0,0,0,0,0,0,0,0,0,0,0,0,0,0,0,0,0,0,0,0,0,0,0,0,0,0,0,0,0,0,0,0,0,0,0,0,0,0,0,0,0,0,0,0,0,0,0,0,0,0,0,0,0,0,0,0,0,0,0,0,0,0,0,0,0,0,0,0,0,0,0,0,0,0,0,0,0,0,0,0,0,0,0,0,0,0,0,0,0,0,0,0,0,0,0,0,0,0,0,0,0,0,0,0,0,0,0,0,0,0,0,0,0,0,0,0,0,0,0,0,0,0,0,0,0,0,0,0,0,0,0,0,0,0,0,0,0,0,0,0,0,0,0,0,0,0,0,0,0,0,0,0,0,0,0,0,0,0,0,0,0,0,0,0,0,0,0,0,0,0,0,0,0,0,0,
0,0,0,0,0,0,0,0,0,0,0,0,0,0,0,0,0,0,0,0,0,0,0,0,0,0,0,0,0,0,0,0,0,0,0,0,0,0,0,0,0,0,0,0,0,0,0,0,0,0,0,0,0,0,0,0,0,0,0,0,0,0,0,0,0,0,0,0,0,0,0,0,0,0,0,0,0,0,0,0,0,0,0,0,0,0,0,0,0,0,0,0,164,165,164,249,97,94,116,253,106,96,138,255,110,109,156,255,198,198,216,170,197,197,214,88,241,241,248,36,255,255,255,6,255,255,255,2,0,0,0,0,0,0,0,0,0,0,0,0,0,0,0,0,0,0,0,0,0,0,0,0,0,0,0,0,0,0,0,0,0,0,0,0,0,0,0,0,0,0,0,0,0,0,0,0,255,255,255,2,221,221,221,45,133,133,184,249,86,84,119,255,161,161,185,233,255,255,255,23,0,0,0,0,0,0,0,0,0,0,0,0,0,0,0,0,0,0,0,0,0,0,0,0,0,0,0,0,0,0,0,0,0,0,0,0,0,0,0,0,0,0,0,0,0,0,0,0,0,0,0,0,0,0,0,0,
0,0,0,0,0,0,0,0,0,0,0,0,0,0,0,0,0,0,0,0,0,0,0,0,0,0,0,0,0,0,0,0,0,0,0,0,0,0,0,0,0,0,0,0,0,0,0,0,0,0,0,0,0,0,0,0,0,0,0,0,0,0,0,0,0,0,0,0,0,0,0,0,0,0,0,0,0,0,0,0,0,0,0,0,0,0,0,0,0,0,0,0,0,0,0,0,158,158,158,29,17,13,56,251,3,2,78,251,2,1,88,255,2,1,88,245,57,49,146,253,79,79,147,255,162,164,209,253,176,178,210,253,190,190,201,235,238,238,249,46,255,255,255,5,255,255,255,11,255,255,255,5,255,255,255,3,255,255,255,2,211,211,226,35,176,178,209,239,160,160,184,255,73,70,152,255,73,70,152,251,3,1,61,255,52,41,89,255,130,124,156,251,174,174,179,233,217,217,221,121,0,0,0,0,0,0,0,0,0,0,0,0,0,0,0,0,0,0,0,0,0,0,0,0,0,0,0,0,0,0,0,0,0,0,0,0,0,0,0,0,0,0,0,0,0,0,0,0,0,0,0,0,0,0,0,0,
0,0,0,0,0,0,0,0,0,0,0,0,0,0,0,0,0,0,0,0,0,0,0,0,0,0,0,0,0,0,0,0,0,0,0,0,0,0,0,0,0,0,0,0,0,0,0,0,235,235,235,13,184,184,187,162,211,211,211,93,0,0,0,0,0,0,0,0,0,0,0,0,0,0,0,0,0,0,0,0,0,0,0,0,0,0,0,0,0,0,0,0,0,0,0,0,0,0,0,0,153,153,153,25,88,88,88,226,28,21,71,255,3,2,111,255,3,1,152,255,4,3,164,251,3,2,188,253,3,2,197,255,31,33,180,249,57,54,183,255,98,101,205,255,77,77,189,255,99,102,206,253,98,101,205,255,98,101,205,255,30,32,180,255,3,2,188,253,4,3,163,255,3,2,130,255,3,2,69,255,41,27,48,255,124,124,125,247,157,157,158,255,183,183,187,241,228,237,237,28,0,0,0,0,0,0,0,0,0,0,0,0,0,0,0,0,0,0,0,0,0,0,0,0,0,0,0,0,0,0,0,0,0,0,0,0,0,0,0,0,0,0,0,0,0,0,0,0,0,0,0,0,0,0,0,0,
0,0,0,0,0,0,0,0,0,0,0,0,0,0,0,0,0,0,0,0,0,0,0,0,0,0,0,0,0,0,0,0,0,0,0,0,0,0,0,0,242,242,245,79,182,182,187,255,90,132,131,249,12,70,70,255,59,88,84,255,192,193,192,186,0,0,0,0,0,0,0,0,0,0,0,0,0,0,0,0,0,0,0,0,0,0,0,0,0,0,0,0,0,0,0,0,0,0,0,0,0,0,0,0,0,0,0,0,141,141,141,56,17,13,55,249,3,1,97,253,4,3,163,255,4,4,212,255,3,2,229,251,26,30,213,255,50,52,215,253,76,77,210,249,128,131,221,255,162,164,209,253,98,101,205,255,50,52,214,255,19,20,232,249,4,4,213,253,4,3,163,255,2,1,89,253,16,6,32,249,80,79,84,255,123,123,124,255,182,182,187,253,232,238,249,45,0,0,0,0,0,0,0,0,0,0,0,0,0,0,0,0,0,0,0,0,0,0,0,0,0,0,0,0,0,0,0,0,0,0,0,0,0,0,0,0,0,0,0,0,0,0,0,0,0,0,0,0,0,0,0,0,0,0,0,0,
0,0,0,0,0,0,0,0,0,0,0,0,0,0,0,0,0,0,0,0,0,0,0,0,0,0,0,0,0,0,0,0,0,0,0,0,223,223,232,178,90,114,114,253,45,116,116,253,67,155,156,255,53,146,144,255,19,91,88,241,15,50,48,255,164,164,164,166,0,0,0,0,0,0,0,0,0,0,0,0,0,0,0,0,0,0,0,0,0,0,0,0,0,0,0,0,0,0,0,0,255,255,255,1,200,200,214,69,73,69,96,255,2,1,88,255,3,2,130,255,3,2,188,249,3,2,229,253,20,15,129,249,38,34,35,255,113,81,65,255,136,94,70,255,113,81,65,255,141,91,49,253,136,94,70,255,107,68,39,251,52,41,89,255,19,20,201,255,3,2,198,249,3,1,152,255,3,1,96,255,17,13,55,253,123,123,124,255,244,242,247,163,0,0,0,0,0,0,0,0,0,0,0,0,0,0,0,0,0,0,0,0,0,0,0,0,0,0,0,0,0,0,0,0,0,0,0,0,0,0,0,0,0,0,0,0,0,0,0,0,0,0,0,0,0,0,0,0,0,0,0,0,0,0,0,0,
0,0,0,0,0,0,0,0,0,0,0,0,0,0,0,0,0,0,0,0,0,0,0,0,0,0,0,0,0,0,0,0,0,0,0,0,190,194,190,253,18,90,87,255,138,215,213,253,164,236,235,255,103,192,191,247,46,134,133,255,12,70,70,255,15,50,48,255,193,193,193,29,0,0,0,0,0,0,0,0,0,0,0,0,0,0,0,0,0,0,0,0,0,0,0,0,0,0,0,0,96,93,115,255,5,1,35,255,3,2,78,255,4,3,123,247,4,3,163,253,3,2,188,255,31,22,129,255,121,76,38,255,107,68,39,251,107,68,39,251,155,103,62,253,186,120,72,251,185,119,72,255,141,90,49,255,83,52,22,253,121,76,38,255,108,80,116,253,5,5,176,253,3,1,152,253,3,2,101,255,5,1,35,255,6,2,49,251,130,123,156,255,255,255,255,4,0,0,0,0,0,0,0,0,0,0,0,0,0,0,0,0,0,0,0,0,0,0,0,0,0,0,0,0,0,0,0,0,0,0,0,0,0,0,0,0,0,0,0,0,0,0,0,0,0,0,0,0,0,0,0,0,0,0,0,0,
0,0,0,0,0,0,0,0,0,0,0,0,0,0,0,0,0,0,0,0,0,0,0,0,0,0,0,0,0,0,0,0,255,255,255,4,89,113,113,255,46,134,133,255,138,214,212,255,138,215,213,253,103,191,190,255,53,146,144,253,18,90,87,255,15,24,22,253,76,74,73,245,0,0,0,0,0,0,0,0,0,0,0,0,0,0,0,0,0,0,0,0,0,0,0,0,0,0,0,0,200,200,237,14,42,27,49,251,6,2,48,255,3,2,78,255,4,3,123,249,4,3,122,255,155,103,62,253,186,120,72,251,201,125,76,255,155,102,62,255,82,52,22,255,155,102,62,255,141,90,49,255,91,60,37,249,155,102,62,255,176,112,69,253,185,119,72,255,57,28,91,255,3,1,96,255,3,1,61,255,3,1,62,251,15,6,68,255,106,105,124,253,201,204,204,176,0,0,0,0,0,0,0,0,0,0,0,0,0,0,0,0,0,0,0,0,0,0,0,0,0,0,0,0,0,0,0,0,0,0,0,0,0,0,0,0,0,0,0,0,0,0,0,0,0,0,0,0,0,0,0,0,0,0,0,0,
0,0,0,0,0,0,0,0,0,0,0,0,0,0,0,0,0,0,0,0,0,0,0,0,0,0,0,0,0,0,0,0,0,0,0,0,89,113,113,255,18,90,87,251,67,155,156,255,92,181,181,255,92,182,182,251,67,155,156,255,18,91,88,253,15,50,48,255,39,35,36,249,159,159,159,8,0,0,0,0,0,0,0,0,0,0,0,0,0,0,0,0,0,0,0,0,0,0,0,0,0,0,0,0,153,153,153,5,25,15,39,255,6,2,48,255,2,1,88,255,52,41,89,255,186,120,72,251,185,119,72,255,201,148,109,255,147,119,90,255,145,107,91,255,205,134,85,255,155,102,62,255,136,94,70,255,216,176,145,255,201,148,109,255,201,125,76,255,136,94,70,255,3,1,61,255,3,1,61,255,17,13,55,255,75,73,72,255,126,128,119,255,190,194,190,253,232,232,239,79,0,0,0,0,0,0,0,0,0,0,0,0,0,0,0,0,0,0,0,0,0,0,0,0,0,0,0,0,0,0,0,0,0,0,0,0,0,0,0,0,0,0,0,0,0,0,0,0,0,0,0,0,0,0,0,0,
0,0,0,0,0,0,0,0,0,0,0,0,0,0,0,0,0,0,0,0,0,0,0,0,0,0,0,0,0,0,0,0,0,0,0,0,135,137,132,251,15,50,48,255,46,116,116,251,54,146,144,251,67,155,156,255,138,215,213,253,45,115,115,255,15,24,22,253,80,80,85,105,0,0,0,0,0,0,0,0,0,0,0,0,0,0,0,0,0,0,0,0,0,0,0,0,0,0,0,0,0,0,0,0,0,0,0,0,255,255,255,1,29,23,72,249,6,2,48,255,64,57,72,255,201,125,76,255,233,162,115,255,233,162,115,255,205,134,85,255,155,102,62,255,242,169,119,255,205,134,85,255,141,90,49,255,218,146,97,255,242,169,119,255,218,146,97,255,136,94,70,255,3,2,78,255,28,21,71,255,67,62,75,255,107,108,106,255,147,119,90,255,189,138,103,255,190,161,136,253,218,218,222,188,255,255,255,2,0,0,0,0,0,0,0,0,0,0,0,0,0,0,0,0,0,0,0,0,0,0,0,0,0,0,0,0,0,0,0,0,0,0,0,0,0,0,0,0,0,0,0,0,0,0,0,0,
0,0,0,0,0,0,0,0,0,0,0,0,0,0,0,0,0,0,0,0,0,0,0,0,0,0,0,0,0,0,0,0,0,0,0,0,215,215,207,32,89,113,113,255,12,70,70,255,18,90,87,255,18,90,87,255,143,145,142,255,15,50,48,255,66,68,63,241,137,137,137,13,0,0,0,0,0,0,0,0,0,0,0,0,0,0,0,0,0,0,0,0,0,0,0,0,0,0,0,0,0,0,0,0,0,0,0,0,0,0,0,0,0,0,0,0,15,6,68,255,28,21,72,253,205,134,85,255,201,125,76,255,205,134,85,255,176,111,68,255,201,125,76,255,242,169,119,255,249,174,123,255,176,111,68,255,176,111,68,255,201,125,76,255,201,125,76,255,52,33,68,255,3,2,78,255,73,69,96,255,113,106,91,255,147,119,90,255,141,90,49,255,234,163,116,251,201,148,109,255,145,108,91,251,187,187,176,249,0,0,0,0,0,0,0,0,0,0,0,0,0,0,0,0,0,0,0,0,0,0,0,0,0,0,0,0,0,0,0,0,0,0,0,0,0,0,0,0,0,0,0,0,0,0,0,0,
0,0,0,0,0,0,0,0,0,0,0,0,0,0,0,0,0,0,0,0,0,0,0,0,0,0,0,0,0,0,0,0,0,0,0,0,0,0,0,0,201,204,204,200,117,119,119,249,59,89,85,253,116,118,118,255,116,118,118,255,53,51,58,251,104,104,104,71,0,0,0,0,0,0,0,0,0,0,0,0,0,0,0,0,0,0,0,0,0,0,0,0,0,0,0,0,0,0,0,0,0,0,0,0,0,0,0,0,0,0,0,0,0,0,0,0,158,158,193,29,28,21,71,251,113,81,65,255,233,162,115,255,185,119,72,255,64,40,25,255,82,52,22,255,106,68,38,255,91,60,36,255,64,40,25,255,91,60,36,255,218,146,97,255,176,111,68,255,3,2,69,255,64,57,72,255,123,123,124,255,157,127,104,255,216,176,145,255,189,138,103,255,201,125,76,255,176,112,69,253,189,138,103,255,165,151,136,251,201,205,205,142,0,0,0,0,0,0,0,0,0,0,0,0,0,0,0,0,0,0,0,0,0,0,0,0,0,0,0,0,0,0,0,0,0,0,0,0,0,0,0,0,0,0,0,0,
0,0,0,0,0,0,0,0,0,0,0,0,0,0,0,0,0,0,0,0,0,0,0,0,0,0,0,0,0,0,0,0,0,0,0,0,0,0,0,0,247,247,247,31,168,169,166,255,164,151,136,255,171,155,149,255,164,152,136,247,87,87,87,255,170,170,170,3,0,0,0,0,0,0,0,0,0,0,0,0,0,0,0,0,0,0,0,0,0,0,0,0,0,0,0,0,245,245,245,26,199,195,216,158,255,255,255,16,0,0,0,0,255,255,255,3,255,255,255,56,123,123,174,253,3,1,61,255,113,81,65,255,91,60,36,255,64,40,25,255,64,40,25,255,65,67,64,255,52,50,57,255,106,68,38,255,44,21,19,255,121,76,38,255,64,40,25,255,3,1,61,255,101,102,104,255,189,189,200,255,216,176,145,255,205,134,85,255,176,111,68,255,218,146,97,255,206,134,86,253,226,154,108,253,172,135,113,251,143,145,142,255,0,0,0,0,0,0,0,0,0,0,0,0,0,0,0,0,0,0,0,0,0,0,0,0,0,0,0,0,0,0,0,0,0,0,0,0,0,0,0,0,0,0,0,0,
0,0,0,0,0,0,0,0,0,0,0,0,0,0,0,0,0,0,0,0,0,0,0,0,0,0,0,0,0,0,0,0,0,0,0,0,0,0,0,0,255,255,255,16,96,97,94,253,82,52,22,255,136,95,71,253,114,81,65,251,113,81,65,255,255,255,255,1,0,0,0,0,0,0,0,0,0,0,0,0,0,0,0,0,0,0,0,0,255,255,255,2,182,182,187,249,107,95,138,251,143,143,176,255,107,95,138,251,207,207,212,251,191,194,191,188,168,169,166,241,105,104,123,255,28,21,71,255,73,69,96,255,14,8,10,255,91,60,36,255,225,154,107,255,190,161,136,255,190,161,136,255,225,154,107,255,64,40,25,255,5,2,11,255,80,79,84,255,63,63,94,255,75,73,72,255,173,174,179,255,216,176,145,255,218,146,97,255,176,111,68,255,226,154,108,253,218,146,97,255,201,125,76,255,155,102,62,255,124,124,125,253,204,204,255,5,0,0,0,0,0,0,0,0,0,0,0,0,0,0,0,0,0,0,0,0,0,0,0,0,0,0,0,0,0,0,0,0,0,0,0,0,0,0,0,0,
0,0,0,0,0,0,0,0,0,0,0,0,0,0,0,0,0,0,0,0,0,0,0,0,0,0,0,0,0,0,0,0,0,0,0,0,0,0,0,0,255,255,255,10,113,106,91,255,122,76,39,251,205,134,85,255,185,119,72,255,156,102,62,249,114,96,78,230,0,0,0,0,0,0,0,0,0,0,0,0,0,0,0,0,0,0,0,0,182,182,187,249,99,95,167,255,153,157,238,255,208,210,242,253,162,164,209,253,186,186,225,255,135,137,132,255,52,50,57,253,52,50,57,253,80,79,84,251,201,203,203,255,38,34,35,255,64,40,25,255,205,134,85,255,201,125,76,255,176,111,68,255,176,111,68,255,41,18,6,255,52,33,68,255,197,196,215,255,107,108,106,255,38,34,35,255,52,50,57,255,113,81,65,255,251,193,154,255,189,138,103,255,176,112,69,253,183,104,40,255,242,178,135,255,172,135,113,251,123,123,124,255,255,255,255,12,0,0,0,0,0,0,0,0,0,0,0,0,0,0,0,0,0,0,0,0,0,0,0,0,0,0,0,0,0,0,0,0,0,0,0,0,0,0,0,0,
0,0,0,0,0,0,0,0,0,0,0,0,0,0,0,0,0,0,0,0,0,0,0,0,0,0,0,0,0,0,0,0,0,0,0,0,0,0,0,0,255,255,255,5,157,128,105,253,121,76,38,255,122,77,38,253,122,77,38,253,121,76,38,255,91,60,36,255,255,255,255,1,0,0,0,0,0,0,0,0,0,0,0,0,189,189,201,253,73,70,152,255,125,131,250,255,181,185,251,255,181,185,252,253,200,203,248,255,208,210,242,253,150,151,148,253,163,164,163,253,187,188,188,255,87,87,87,255,197,198,196,255,79,79,147,255,24,12,18,255,106,68,38,255,176,111,68,255,185,119,72,255,91,60,36,255,14,8,10,255,99,95,167,255,200,203,248,255,126,128,119,255,140,139,143,255,128,129,128,255,113,81,65,255,218,146,97,255,176,111,68,255,218,146,97,255,201,125,76,255,234,163,116,251,157,127,104,255,116,118,118,255,231,231,234,170,255,255,255,1,0,0,0,0,0,0,0,0,0,0,0,0,0,0,0,0,0,0,0,0,0,0,0,0,0,0,0,0,0,0,0,0,0,0,0,0,
0,0,0,0,0,0,0,0,0,0,0,0,0,0,0,0,0,0,0,0,0,0,0,0,0,0,0,0,0,0,0,0,0,0,0,0,0,0,0,0,255,255,255,4,157,127,104,255,141,91,49,253,205,134,85,255,176,112,69,249,155,102,62,255,106,68,38,255,91,100,91,28,0,0,0,0,0,0,0,0,133,133,184,249,57,54,183,253,55,62,251,255,126,131,251,253,141,145,250,255,164,171,246,255,181,185,251,255,196,199,229,255,150,151,148,255,179,179,174,255,207,207,212,255,107,108,106,255,191,193,190,255,98,101,205,255,28,21,71,255,24,12,18,255,41,18,6,255,41,18,6,255,41,18,6,255,25,15,39,255,104,107,234,255,207,209,241,255,135,137,132,255,163,164,163,255,159,161,148,255,136,94,70,255,218,146,97,255,155,102,62,255,233,162,115,255,234,163,116,251,201,125,76,255,155,102,62,255,115,98,76,251,171,135,112,255,190,161,136,253,255,255,255,6,0,0,0,0,0,0,0,0,0,0,0,0,0,0,0,0,0,0,0,0,0,0,0,0,0,0,0,0,0,0,0,0,
0,0,0,0,0,0,0,0,0,0,0,0,0,0,0,0,0,0,0,0,0,0,0,0,0,0,0,0,0,0,0,0,0,0,0,0,0,0,0,0,255,255,255,7,147,119,90,255,122,76,39,251,141,90,49,255,121,76,38,255,121,76,38,255,107,68,39,251,75,73,72,230,141,141,141,56,57,49,146,249,4,4,212,255,16,20,251,255,70,77,252,249,114,120,246,255,114,120,246,255,125,131,250,255,181,185,251,255,207,209,241,255,140,139,143,255,101,102,104,255,107,108,106,255,95,96,93,255,197,198,196,255,77,77,189,255,57,28,91,255,102,47,0,255,110,53,8,255,110,53,8,255,96,45,8,255,25,15,39,255,98,101,205,255,223,224,230,255,135,137,132,255,95,96,93,255,136,94,70,255,183,104,40,255,233,162,115,255,251,193,154,255,218,146,97,255,225,154,107,255,225,155,108,249,155,102,62,255,141,91,49,253,176,111,68,255,136,95,71,253,191,191,179,87,0,0,0,0,0,0,0,0,0,0,0,0,0,0,0,0,0,0,0,0,0,0,0,0,0,0,0,0,0,0,0,0,
0,0,0,0,0,0,0,0,0,0,0,0,0,0,0,0,0,0,0,0,0,0,0,0,0,0,0,0,0,0,0,0,0,0,0,0,0,0,0,0,255,255,255,37,157,127,104,255,121,76,38,255,106,68,38,255,185,119,72,255,155,102,62,255,64,40,25,255,6,2,49,251,3,2,111,255,5,5,176,255,3,3,245,255,16,20,252,249,69,76,251,255,104,107,234,255,81,87,244,255,125,131,250,255,181,185,251,255,207,209,241,255,150,151,148,255,173,174,179,255,157,157,158,255,116,118,118,255,197,198,196,255,77,77,189,255,57,28,91,255,122,57,5,255,145,67,4,255,145,67,4,255,102,47,0,255,82,52,22,255,106,96,138,255,171,155,149,255,117,111,92,255,136,94,70,255,205,134,85,255,218,146,97,255,233,162,115,255,242,178,135,255,243,169,120,247,251,193,154,255,255,216,193,255,189,138,103,249,218,146,97,255,176,112,69,253,113,81,65,255,135,139,133,149,0,0,0,0,0,0,0,0,0,0,0,0,0,0,0,0,0,0,0,0,0,0,0,0,0,0,0,0,0,0,0,0,
0,0,0,0,0,0,0,0,0,0,0,0,0,0,0,0,0,0,0,0,0,0,0,0,0,0,0,0,0,0,0,0,0,0,0,0,0,0,0,0,183,183,188,247,145,108,92,253,106,68,38,255,91,60,36,255,155,102,62,255,141,90,49,255,63,40,25,253,3,1,62,251,3,2,130,253,3,2,189,251,3,3,245,255,16,20,251,255,70,77,252,253,82,88,245,253,69,76,251,255,125,131,250,255,164,171,246,255,207,209,241,255,143,145,142,255,150,151,148,255,140,139,143,255,116,118,118,255,197,198,196,255,75,76,209,255,44,21,90,255,135,64,5,255,157,72,7,255,145,67,4,255,110,53,8,255,201,148,109,255,218,146,97,255,183,104,40,255,176,111,68,255,242,178,135,255,225,154,107,255,251,193,154,255,251,193,154,255,233,162,115,255,225,154,107,255,242,178,135,255,216,177,145,251,216,176,145,255,225,155,108,249,121,76,38,255,87,87,87,249,165,165,165,34,0,0,0,0,0,0,0,0,0,0,0,0,0,0,0,0,0,0,0,0,0,0,0,0,0,0,0,0,0,0,0,0,
0,0,0,0,0,0,0,0,0,0,0,0,0,0,0,0,0,0,0,0,0,0,0,0,0,0,0,0,0,0,0,0,0,0,0,0,0,0,0,0,86,84,119,255,63,40,25,253,106,68,38,255,82,53,22,251,83,52,22,253,82,52,22,255,24,12,18,255,3,2,69,255,4,3,122,255,3,2,188,253,3,3,246,249,16,20,251,255,55,62,251,255,46,51,248,255,55,62,251,255,141,145,250,255,164,171,246,255,207,209,241,255,143,145,142,255,107,108,106,255,116,118,118,255,135,137,132,255,201,203,203,255,77,77,189,255,28,21,71,255,122,57,5,255,190,87,7,255,172,80,8,255,122,57,5,255,121,76,38,255,136,94,70,255,136,94,70,255,185,119,72,255,233,162,115,255,242,178,135,255,251,193,154,255,255,207,166,255,216,176,145,255,201,125,76,255,252,194,154,253,201,148,109,255,185,119,72,255,185,119,72,255,114,82,66,253,129,130,129,186,0,0,0,0,0,0,0,0,0,0,0,0,0,0,0,0,0,0,0,0,0,0,0,0,0,0,0,0,0,0,0,0,0,0,0,0,
0,0,0,0,0,0,0,0,0,0,0,0,0,0,0,0,0,0,0,0,0,0,0,0,0,0,0,0,0,0,0,0,0,0,0,0,255,255,255,3,73,69,96,255,5,1,36,243,41,27,48,255,133,104,11,255,161,132,15,253,142,114,15,255,16,6,31,253,3,2,78,251,4,3,144,251,3,2,197,255,3,3,245,255,16,20,252,249,35,38,240,255,16,20,251,255,35,38,240,255,141,145,250,255,153,157,238,255,200,203,248,255,150,151,148,255,179,179,174,255,179,179,174,255,150,151,148,255,196,199,229,255,47,42,180,255,77,32,6,255,145,67,4,255,199,92,7,255,199,92,7,255,110,53,8,255,66,26,16,255,31,22,129,255,149,148,212,255,147,119,90,255,121,76,38,255,201,125,76,255,242,178,135,255,255,207,166,255,233,162,115,255,122,77,38,253,249,174,123,255,252,194,154,253,243,170,120,251,106,68,38,255,68,62,76,253,153,153,153,10,0,0,0,0,0,0,0,0,0,0,0,0,0,0,0,0,0,0,0,0,0,0,0,0,0,0,0,0,0,0,0,0,0,0,0,0,
0,0,0,0,0,0,0,0,0,0,0,0,0,0,0,0,0,0,0,0,0,0,0,0,0,0,0,0,0,0,0,0,0,0,0,0,0,0,0,0,96,93,115,255,3,1,61,255,3,1,61,255,142,115,15,251,198,175,4,253,167,141,14,251,16,6,31,251,3,2,78,255,3,2,137,255,3,2,188,253,3,3,246,253,16,20,251,255,17,21,252,243,3,3,245,255,35,38,240,255,141,145,250,255,141,145,250,255,203,204,216,255,168,169,166,255,197,198,196,255,191,193,190,255,143,145,142,255,196,199,229,255,57,54,183,255,77,32,6,255,172,80,8,255,199,92,7,255,190,87,7,255,135,64,5,255,77,32,6,255,31,22,129,255,153,157,238,255,163,164,163,255,179,179,174,255,114,97,76,255,106,68,38,255,145,107,91,255,145,107,91,255,82,53,22,251,155,102,62,255,201,148,109,255,114,82,66,253,6,2,48,253,73,69,96,247,0,0,0,0,0,0,0,0,0,0,0,0,0,0,0,0,0,0,0,0,0,0,0,0,0,0,0,0,0,0,0,0,0,0,0,0,0,0,0,0,
0,0,0,0,0,0,0,0,0,0,0,0,0,0,0,0,0,0,0,0,0,0,0,0,0,0,0,0,0,0,0,0,0,0,0,0,0,0,0,0,107,79,115,255,3,1,61,253,17,13,55,253,142,114,15,255,199,182,13,255,172,152,16,253,16,6,31,255,2,1,88,255,4,3,144,251,3,2,197,255,3,3,245,255,3,3,245,255,3,3,245,255,3,2,229,253,39,40,210,255,125,131,250,255,153,157,238,255,201,203,203,255,168,169,166,255,179,179,174,255,163,164,163,255,159,161,148,255,153,157,238,255,35,29,139,255,88,38,5,255,172,80,8,255,219,103,8,255,199,92,7,255,135,64,5,255,77,32,6,255,20,15,129,255,153,157,238,255,150,151,148,255,157,157,158,255,106,96,138,255,3,2,78,255,3,1,96,255,3,1,61,255,17,13,55,255,18,12,55,245,16,6,31,255,2,1,88,255,3,2,111,255,81,80,83,217,0,0,0,0,0,0,0,0,0,0,0,0,0,0,0,0,0,0,0,0,0,0,0,0,0,0,0,0,0,0,0,0,0,0,0,0,0,0,0,0,
0,0,0,0,0,0,0,0,0,0,0,0,0,0,0,0,0,0,0,0,0,0,0,0,0,0,0,0,0,0,0,0,0,0,0,0,0,0,0,0,150,151,149,209,44,23,90,249,6,2,48,255,142,114,15,255,193,170,2,255,193,178,17,255,25,15,39,255,2,1,88,255,4,3,144,255,3,2,197,255,3,3,245,255,3,3,245,255,3,2,228,255,4,4,212,255,39,40,210,255,125,131,250,255,186,186,225,255,197,198,196,255,201,203,203,255,212,212,211,255,163,164,163,255,187,187,176,255,104,107,234,255,25,6,105,255,102,47,0,255,172,80,8,255,219,103,8,255,199,92,7,255,122,57,5,255,77,32,6,255,35,29,139,255,153,157,238,255,159,161,148,255,175,175,165,255,110,109,156,255,3,2,111,255,4,3,163,255,3,2,101,255,3,1,61,255,3,2,69,255,3,1,61,255,4,3,123,251,3,2,130,255,63,57,73,241,0,0,0,0,0,0,0,0,0,0,0,0,0,0,0,0,0,0,0,0,0,0,0,0,0,0,0,0,0,0,0,0,0,0,0,0,0,0,0,0,
0,0,0,0,0,0,0,0,0,0,0,0,0,0,0,0,0,0,0,0,0,0,0,0,0,0,0,0,0,0,0,0,0,0,0,0,0,0,0,0,255,246,255,28,52,41,89,255,6,2,48,255,142,115,15,249,193,170,2,255,193,179,17,251,25,15,39,255,2,1,88,255,4,3,144,255,3,2,197,255,3,2,228,255,4,4,212,255,3,2,197,255,3,2,197,255,35,38,240,255,114,120,246,255,203,204,216,255,201,203,203,255,197,198,196,255,212,212,211,255,179,179,174,255,189,189,200,255,69,76,251,255,44,21,90,255,122,57,5,255,199,92,7,255,219,103,8,255,199,92,7,255,102,47,0,255,61,23,31,255,75,76,209,255,164,171,246,255,159,161,148,255,201,203,203,255,122,122,174,255,4,3,144,255,19,20,201,255,2,1,88,255,3,1,61,255,3,2,69,255,3,1,61,255,4,3,123,253,3,1,152,255,52,34,68,243,0,0,0,0,0,0,0,0,0,0,0,0,0,0,0,0,0,0,0,0,0,0,0,0,0,0,0,0,0,0,0,0,0,0,0,0,0,0,0,0,
0,0,0,0,0,0,0,0,0,0,0,0,0,0,0,0,0,0,0,0,0,0,0,0,0,0,0,0,0,0,0,0,0,0,0,0,0,0,0,0,255,255,255,10,52,41,90,253,5,1,35,253,142,114,15,255,194,170,2,249,199,182,13,255,25,15,39,255,2,1,88,255,4,3,144,255,3,2,197,255,4,4,212,255,3,2,197,255,5,5,176,255,3,2,188,255,35,38,240,255,114,120,246,255,207,207,212,255,212,212,211,255,212,212,211,255,219,219,222,255,179,179,174,255,162,164,208,255,63,62,212,255,25,15,39,255,145,67,4,255,199,92,7,255,219,103,8,255,199,92,7,255,110,53,8,255,61,23,31,255,63,62,212,255,164,171,246,255,163,164,163,255,212,212,211,255,133,133,184,255,5,5,176,255,35,38,240,255,3,2,111,255,3,1,61,255,3,2,69,255,3,2,70,253,3,2,130,255,3,2,188,255,32,31,108,249,0,0,0,0,0,0,0,0,0,0,0,0,0,0,0,0,0,0,0,0,0,0,0,0,0,0,0,0,0,0,0,0,0,0,0,0,0,0,0,0,
0,0,0,0,0,0,0,0,0,0,0,0,0,0,0,0,0,0,0,0,0,0,0,0,0,0,0,0,0,0,0,0,0,0,0,0,0,0,0,0,255,255,255,3,130,124,156,245,3,1,21,255,142,114,15,255,197,175,4,255,199,183,13,247,25,15,39,255,3,1,96,255,4,3,144,255,3,2,188,255,5,5,176,255,4,3,163,255,3,1,152,255,4,3,163,255,19,20,232,255,141,145,250,255,226,224,213,255,212,212,211,255,229,229,234,255,201,203,203,255,187,187,176,255,110,109,156,255,47,42,180,255,66,26,16,255,145,67,4,255,199,92,7,255,199,92,7,255,172,80,8,255,102,47,0,255,61,23,31,255,50,52,214,255,153,157,238,255,163,164,163,255,231,230,217,255,149,148,212,255,5,5,176,255,55,62,251,255,31,22,129,255,3,1,61,255,3,2,69,255,3,1,61,253,4,3,163,255,19,20,232,255,31,30,106,255,0,0,0,0,0,0,0,0,0,0,0,0,0,0,0,0,0,0,0,0,0,0,0,0,0,0,0,0,0,0,0,0,0,0,0,0,0,0,0,0,
0,0,0,0,0,0,0,0,0,0,0,0,0,0,0,0,0,0,0,0,0,0,0,0,0,0,0,0,0,0,0,0,0,0,0,0,0,0,0,0,255,255,255,2,160,160,184,255,5,1,36,251,142,114,15,255,198,175,4,253,187,170,16,255,25,15,39,255,3,2,101,255,4,3,144,255,4,3,163,255,3,1,152,255,4,3,144,255,4,3,122,255,3,2,137,255,19,20,232,255,134,137,230,255,231,230,217,255,223,224,230,255,235,237,241,255,212,212,211,255,179,179,174,255,122,122,174,255,30,32,180,255,61,23,31,255,145,67,4,255,199,92,7,255,219,103,8,255,172,80,8,255,102,47,0,255,52,33,68,255,35,38,240,255,153,157,238,255,168,169,166,255,212,212,211,255,133,133,184,255,3,1,152,255,46,51,248,255,20,15,129,255,3,1,61,255,3,2,69,255,3,1,61,255,47,42,180,255,55,62,252,253,51,37,112,255,0,0,0,0,0,0,0,0,0,0,0,0,0,0,0,0,0,0,0,0,0,0,0,0,0,0,0,0,0,0,0,0,0,0,0,0,0,0,0,0,
0,0,0,0,0,0,0,0,0,0,0,0,0,0,0,0,0,0,0,0,0,0,0,0,0,0,0,0,0,0,0,0,0,0,0,0,0,0,0,0,255,255,255,6,107,97,138,253,6,2,48,249,142,114,15,255,198,175,4,253,186,167,23,249,25,15,39,255,3,1,96,255,4,3,144,255,3,1,152,255,3,2,130,255,4,3,122,255,3,1,96,255,3,2,111,255,19,20,232,255,186,186,225,255,226,224,213,255,233,233,237,255,252,252,255,255,207,207,212,255,173,174,179,255,77,77,189,255,30,32,180,255,61,23,31,255,145,67,4,255,190,87,7,255,199,92,7,255,157,72,7,255,88,38,5,255,51,37,112,255,46,51,248,255,134,137,230,255,179,179,174,255,252,254,253,255,149,148,212,255,3,2,130,255,46,51,248,255,20,15,129,255,3,1,61,255,3,2,69,255,3,1,61,255,30,32,180,255,47,52,249,251,51,37,112,255,0,0,0,0,0,0,0,0,0,0,0,0,0,0,0,0,0,0,0,0,0,0,0,0,0,0,0,0,0,0,0,0,0,0,0,0,0,0,0,0,
0,0,0,0,0,0,0,0,0,0,0,0,0,0,0,0,0,0,0,0,0,0,0,0,0,0,0,0,0,0,0,0,0,0,0,0,0,0,0,0,255,255,255,6,52,41,89,255,6,2,48,253,142,114,15,255,197,176,4,251,187,170,16,255,25,15,39,255,3,2,101,255,4,3,122,255,4,3,122,255,3,2,101,255,3,1,96,255,3,2,69,255,3,1,96,255,19,20,232,255,186,186,225,255,226,224,213,255,233,233,237,255,252,252,255,255,197,198,196,255,182,182,187,255,42,29,159,255,39,40,210,255,66,26,16,255,135,64,5,255,172,80,8,255,199,92,7,255,157,72,7,255,88,38,5,255,51,37,112,255,55,62,251,255,149,148,212,255,187,187,176,255,252,254,253,255,162,164,208,255,3,2,111,255,35,38,240,255,31,22,129,255,3,1,61,255,3,2,69,255,3,1,61,255,30,32,180,255,35,38,241,253,25,6,105,255,170,170,170,3,0,0,0,0,0,0,0,0,0,0,0,0,0,0,0,0,0,0,0,0,0,0,0,0,0,0,0,0,0,0,0,0,0,0,0,0,
0,0,0,0,0,0,0,0,0,0,0,0,0,0,0,0,0,0,0,0,0,0,0,0,0,0,0,0,0,0,0,0,0,0,0,0,0,0,0,0,0,0,0,0,53,42,89,251,6,2,48,255,142,115,15,247,197,175,4,255,187,167,21,251,25,15,39,255,3,2,101,255,3,2,111,255,2,1,88,255,3,2,78,255,3,1,61,255,5,1,35,255,25,6,105,255,35,38,240,255,196,199,229,255,219,219,222,255,229,229,234,255,233,233,237,255,191,193,190,255,162,164,208,255,30,32,180,255,30,32,180,255,66,26,16,255,135,64,5,255,172,80,8,255,190,87,7,255,157,72,7,255,77,32,6,255,35,29,139,255,69,76,251,255,189,189,200,255,201,203,203,255,240,241,245,255,219,219,222,255,35,29,139,255,19,20,232,255,20,15,129,255,3,1,61,255,3,2,70,253,3,1,61,255,30,32,180,255,16,20,251,255,3,2,111,255,113,113,113,9,0,0,0,0,0,0,0,0,0,0,0,0,0,0,0,0,0,0,0,0,0,0,0,0,0,0,0,0,0,0,0,0,0,0,0,0,
0,0,0,0,0,0,0,0,0,0,0,0,0,0,0,0,0,0,0,0,0,0,0,0,0,0,0,0,0,0,0,0,0,0,0,0,0,0,0,0,0,0,0,0,52,41,89,255,5,1,36,251,142,115,15,253,197,175,4,255,193,178,17,255,25,15,39,255,2,1,88,255,3,2,78,251,3,2,69,255,6,2,48,253,5,1,35,253,40,27,48,158,20,15,129,255,75,76,209,255,231,230,217,255,197,198,196,255,212,212,211,255,212,212,211,255,187,187,176,255,128,131,221,255,3,2,197,255,63,62,212,255,66,26,16,255,135,64,5,255,172,80,8,255,190,87,7,255,157,72,7,255,66,26,16,255,50,52,214,255,69,76,251,255,182,182,187,255,212,212,211,255,255,255,255,255,223,224,230,255,35,29,139,255,3,2,228,255,3,2,137,255,3,1,61,255,3,2,69,251,3,1,61,255,5,5,176,255,3,2,228,249,3,2,111,255,98,98,98,13,0,0,0,0,0,0,0,0,0,0,0,0,0,0,0,0,0,0,0,0,0,0,0,0,0,0,0,0,0,0,0,0,0,0,0,0,
0,0,0,0,0,0,0,0,0,0,0,0,0,0,0,0,0,0,0,0,0,0,0,0,0,0,0,0,0,0,0,0,0,0,0,0,0,0,0,0,0,0,0,0,52,41,89,255,5,1,35,255,142,114,15,255,194,170,2,249,199,182,13,255,26,15,40,249,3,1,61,255,3,1,61,255,5,1,35,255,3,1,23,249,64,0,64,8,0,0,0,0,36,29,139,251,75,76,209,255,226,224,213,255,197,198,196,255,201,203,203,255,191,193,190,255,187,187,176,255,128,131,221,255,4,4,212,255,63,62,212,255,61,23,31,255,122,57,5,255,172,80,8,255,172,80,8,255,135,64,5,255,66,26,16,255,39,40,210,255,55,62,251,255,189,189,200,255,207,207,212,255,252,252,255,255,229,229,234,255,31,30,106,255,4,4,212,255,3,2,130,255,3,1,61,253,3,2,69,255,3,1,62,251,5,5,176,255,3,2,197,255,3,2,101,255,73,73,73,73,0,0,0,0,0,0,0,0,0,0,0,0,0,0,0,0,0,0,0,0,0,0,0,0,0,0,0,0,0,0,0,0,0,0,0,0,
0,0,0,0,0,0,0,0,0,0,0,0,0,0,0,0,0,0,0,0,0,0,0,0,0,0,0,0,0,0,0,0,0,0,0,0,0,0,0,0,0,0,0,0,110,109,157,247,6,2,48,255,143,114,16,243,193,170,2,255,194,178,17,253,25,15,40,251,6,2,48,253,5,1,35,255,15,6,30,85,0,0,0,0,0,0,0,0,0,0,0,0,57,49,146,255,63,62,212,255,226,224,213,255,197,198,196,255,219,219,222,255,182,182,187,255,179,179,174,255,128,131,221,255,3,2,228,255,50,52,214,255,66,26,16,255,122,57,5,255,172,80,8,255,172,80,8,255,122,57,5,255,52,33,68,255,35,38,240,255,46,51,248,255,189,189,200,255,197,198,196,255,242,241,246,255,214,214,221,255,31,30,106,255,3,2,188,255,3,2,130,255,3,1,61,255,3,2,69,255,3,1,61,253,4,3,163,253,3,1,152,255,3,1,95,251,54,40,90,233,0,0,0,0,0,0,0,0,0,0,0,0,0,0,0,0,0,0,0,0,0,0,0,0,0,0,0,0,0,0,0,0,0,0,0,0,
0,0,0,0,0,0,0,0,0,0,0,0,0,0,0,0,0,0,0,0,0,0,0,0,0,0,0,0,0,0,0,0,0,0,0,0,0,0,0,0,0,0,0,0,230,230,230,20,41,27,48,255,133,104,11,255,193,170,2,255,194,178,17,249,24,12,18,255,7,1,35,230,51,51,51,10,0,0,0,0,0,0,0,0,0,0,0,0,0,0,0,0,77,77,189,255,63,62,212,255,231,230,217,255,173,174,179,255,179,179,174,255,173,174,179,255,179,179,174,255,128,131,221,255,3,2,228,255,39,40,210,255,66,26,16,255,122,57,5,255,145,67,4,255,157,72,7,255,110,53,8,255,51,37,112,255,16,20,251,255,81,87,244,255,187,188,188,255,197,198,196,255,219,219,222,255,203,204,216,255,31,30,106,255,4,3,163,255,3,2,130,255,3,1,61,255,3,2,70,253,3,1,61,255,4,3,163,255,3,2,130,253,2,1,88,255,52,37,111,247,0,0,0,0,0,0,0,0,0,0,0,0,0,0,0,0,0,0,0,0,0,0,0,0,0,0,0,0,0,0,0,0,0,0,0,0,
0,0,0,0,0,0,0,0,0,0,0,0,0,0,0,0,0,0,0,0,0,0,0,0,0,0,0,0,0,0,0,0,0,0,0,0,0,0,0,0,0,0,0,0,0,0,0,0,63,41,26,249,133,105,11,253,197,176,4,251,193,178,17,255,38,33,35,160,0,0,255,2,0,0,0,0,0,0,0,0,0,0,0,0,0,0,0,0,0,0,0,0,75,76,209,251,63,62,212,255,226,224,213,255,173,174,179,255,182,182,187,255,157,157,158,255,175,175,165,255,128,131,221,255,3,2,228,255,39,40,210,255,66,26,16,255,110,53,8,255,135,64,5,255,157,72,7,255,96,45,8,255,57,28,91,255,16,20,251,255,104,107,234,255,187,187,176,255,182,182,187,255,191,193,190,255,189,189,200,255,31,30,106,255,4,3,144,255,3,2,111,255,3,1,61,255,3,2,70,253,3,1,61,255,4,3,163,255,4,3,122,255,3,2,69,255,31,30,106,255,0,0,0,0,0,0,0,0,0,0,0,0,0,0,0,0,0,0,0,0,0,0,0,0,0,0,0,0,0,0,0,0,0,0,0,0,
0,0,0,0,0,0,0,0,0,0,0,0,0,0,0,0,0,0,0,0,0,0,0,0,0,0,0,0,0,0,0,0,0,0,0,0,0,0,0,0,0,0,0,0,0,0,0,0,179,179,168,100,142,114,15,255,199,182,13,255,187,170,16,255,83,72,72,46,0,0,0,0,0,0,0,0,0,0,0,0,0,0,0,0,0,0,0,0,0,0,0,0,75,76,209,255,63,62,212,255,207,209,199,255,182,182,187,255,212,212,211,255,143,145,142,255,168,169,166,255,134,137,230,255,3,2,228,255,50,52,214,255,41,27,48,255,102,47,0,255,145,67,4,255,157,72,7,255,96,45,8,255,57,49,146,255,16,20,251,255,104,107,234,255,187,187,176,255,182,182,187,255,219,219,222,255,197,198,196,255,31,30,106,255,4,3,122,255,2,1,88,255,3,1,62,251,3,2,69,255,3,2,69,255,4,3,123,249,3,1,96,255,3,2,69,255,30,30,106,226,0,0,0,0,0,0,0,0,0,0,0,0,0,0,0,0,0,0,0,0,0,0,0,0,0,0,0,0,0,0,0,0,0,0,0,0,
0,0,0,0,0,0,0,0,0,0,0,0,0,0,0,0,0,0,0,0,0,0,0,0,0,0,0,0,0,0,0,0,0,0,0,0,0,0,0,0,0,0,0,0,0,0,0,0,255,255,255,6,162,132,15,251,202,194,13,249,199,182,13,255,117,96,78,151,0,0,0,0,0,0,0,0,0,0,0,0,0,0,0,0,0,0,0,0,0,0,0,0,75,76,209,255,63,62,212,255,207,209,199,255,135,137,132,255,143,145,142,255,123,123,124,255,168,169,166,255,134,137,230,255,4,4,212,255,46,51,248,255,51,37,112,255,88,38,5,255,122,57,5,255,129,65,9,255,66,26,16,255,47,42,180,255,3,3,245,255,104,107,234,255,187,187,176,255,168,169,166,255,201,203,203,255,187,188,188,255,143,143,176,255,3,2,111,255,2,1,88,255,3,2,69,255,3,2,69,255,3,2,70,249,3,1,96,255,2,1,88,255,3,2,70,253,60,60,101,38,0,0,0,0,0,0,0,0,0,0,0,0,0,0,0,0,0,0,0,0,0,0,0,0,0,0,0,0,0,0,0,0,0,0,0,0,
0,0,0,0,0,0,0,0,0,0,0,0,0,0,0,0,0,0,0,0,0,0,0,0,0,0,0,0,0,0,0,0,0,0,0,0,0,0,0,0,0,0,0,0,0,0,0,0,0,0,0,0,172,152,16,255,214,205,11,253,199,182,13,255,116,111,93,197,0,0,0,0,0,0,0,0,0,0,0,0,0,0,0,0,0,0,0,0,0,0,0,0,76,77,210,253,63,62,212,255,207,209,199,255,116,118,118,255,150,151,148,255,123,123,124,255,163,164,163,255,134,137,230,255,4,4,212,255,35,38,240,255,51,37,112,255,77,32,6,255,122,57,5,255,135,64,5,255,77,32,6,255,47,42,180,255,3,3,245,255,104,107,234,255,179,179,174,255,150,151,148,255,163,164,163,255,163,164,163,255,226,224,213,255,63,63,94,255,3,2,69,255,3,2,69,255,3,2,70,253,3,2,70,253,2,1,88,255,3,2,78,255,29,23,72,249,0,0,0,0,0,0,0,0,0,0,0,0,0,0,0,0,0,0,0,0,0,0,0,0,0,0,0,0,0,0,0,0,0,0,0,0,0,0,0,0,
0,0,0,0,0,0,0,0,0,0,0,0,0,0,0,0,0,0,0,0,0,0,0,0,0,0,0,0,0,0,0,0,0,0,0,0,0,0,0,0,0,0,0,0,0,0,0,0,0,0,0,0,186,166,21,255,223,212,3,255,213,204,11,255,114,107,92,222,0,0,0,0,0,0,0,0,0,0,0,0,0,0,0,0,0,0,0,0,0,0,0,0,76,77,210,253,63,62,212,255,201,203,203,255,168,169,166,255,214,214,221,255,140,139,143,255,175,175,165,255,134,137,230,255,4,4,212,255,19,20,232,255,57,54,183,255,77,32,6,255,135,64,5,255,129,65,9,255,66,26,16,255,47,42,180,255,19,20,232,255,149,148,212,255,159,161,148,255,191,193,190,255,163,164,163,255,175,175,165,255,173,174,179,255,20,15,129,255,2,1,88,255,3,1,61,255,3,1,61,253,3,2,69,255,3,2,70,253,3,2,69,255,91,73,91,14,0,0,0,0,0,0,0,0,0,0,0,0,0,0,0,0,0,0,0,0,0,0,0,0,0,0,0,0,0,0,0,0,0,0,0,0,0,0,0,0,
0,0,0,0,0,0,0,0,0,0,0,0,0,0,0,0,0,0,0,0,0,0,0,0,0,0,0,0,0,0,0,0,0,0,0,0,0,0,0,0,0,0,0,0,0,0,0,0,0,0,0,0,186,166,21,255,223,212,3,255,201,193,13,255,117,111,93,222,0,0,0,0,0,0,0,0,0,0,0,0,0,0,0,0,0,0,0,0,0,0,0,0,77,77,189,255,63,62,212,255,197,198,196,255,107,108,106,255,150,151,148,255,107,108,106,255,159,161,148,255,134,137,230,255,3,2,197,255,4,4,212,255,63,62,212,255,61,23,31,255,122,57,5,255,110,53,8,255,52,33,68,255,35,38,240,255,4,4,212,255,176,178,209,255,159,161,148,255,201,203,203,255,150,151,148,255,179,179,174,255,160,160,184,255,4,3,163,255,4,3,122,255,3,1,96,249,6,2,48,255,3,1,21,255,16,12,56,186,0,0,0,2,0,0,0,0,0,0,0,0,0,0,0,0,0,0,0,0,0,0,0,0,0,0,0,0,0,0,0,0,0,0,0,0,0,0,0,0,0,0,0,0,0,0,0,0,
0,0,0,0,0,0,0,0,0,0,0,0,0,0,0,0,0,0,0,0,0,0,0,0,0,0,0,0,0,0,0,0,0,0,0,0,0,0,0,0,0,0,0,0,0,0,0,0,0,0,0,0,186,166,21,255,234,230,10,255,201,193,13,255,117,112,94,226,0,0,0,0,0,0,0,0,0,0,0,0,0,0,0,0,0,0,0,0,0,0,0,0,77,77,189,255,63,62,212,255,191,193,190,255,75,73,72,255,107,108,106,255,87,87,87,255,159,161,148,255,134,137,230,255,3,2,197,255,4,4,212,255,69,76,251,255,57,28,91,255,102,47,0,255,102,47,0,255,57,28,91,255,35,38,240,255,3,2,197,255,176,178,209,255,135,137,132,255,140,139,143,255,116,118,118,255,175,175,165,255,160,160,184,255,4,3,163,255,3,2,137,255,3,2,137,255,29,22,71,183,43,43,43,12,0,0,0,0,0,0,0,0,0,0,0,0,0,0,0,0,0,0,0,0,0,0,0,0,0,0,0,0,0,0,0,0,0,0,0,0,0,0,0,0,0,0,0,0,0,0,0,0,0,0,0,0,
0,0,0,0,0,0,0,0,0,0,0,0,0,0,0,0,0,0,0,0,0,0,0,0,0,0,0,0,0,0,0,0,0,0,0,0,0,0,0,0,0,0,0,0,0,0,0,0,0,0,0,0,186,166,21,255,234,230,10,255,213,204,11,255,117,112,93,228,0,0,0,0,0,0,0,0,0,0,0,0,0,0,0,0,0,0,0,0,0,0,0,0,77,77,189,255,75,76,209,255,179,179,174,255,95,96,93,255,207,207,212,255,140,139,143,255,163,164,163,255,128,131,221,255,3,2,197,255,3,2,197,255,50,52,214,255,57,28,91,255,96,45,8,255,102,47,0,255,57,28,91,255,35,38,240,255,3,2,188,255,176,178,209,255,126,128,119,255,168,169,166,255,116,118,118,255,163,164,163,255,160,160,184,255,4,3,163,255,4,3,144,255,4,3,122,255,61,61,97,50,0,0,0,0,0,0,0,0,0,0,0,0,0,0,0,0,0,0,0,0,0,0,0,0,0,0,0,0,0,0,0,0,0,0,0,0,0,0,0,0,0,0,0,0,0,0,0,0,0,0,0,0,0,0,0,0,
0,0,0,0,0,0,0,0,0,0,0,0,0,0,0,0,0,0,0,0,0,0,0,0,0,0,0,0,0,0,0,0,0,0,0,0,0,0,0,0,0,0,0,0,0,0,0,0,0,0,0,0,186,166,21,255,234,230,10,255,201,193,13,255,119,112,92,230,0,0,0,0,0,0,0,0,0,0,0,0,0,0,0,0,0,0,0,0,0,0,0,0,77,77,189,255,57,54,183,255,179,179,174,255,75,73,72,255,143,145,142,255,87,87,87,255,135,137,132,255,149,148,212,255,3,2,188,255,3,2,188,255,39,40,210,255,44,21,90,255,88,38,5,255,88,38,5,255,44,21,90,255,35,38,240,255,5,5,176,255,176,178,209,255,135,137,132,255,197,198,196,255,123,123,124,255,150,151,148,255,173,174,179,255,4,3,163,255,3,1,152,255,3,2,137,253,87,87,124,35,0,0,0,0,0,0,0,0,0,0,0,0,0,0,0,0,0,0,0,0,0,0,0,0,0,0,0,0,0,0,0,0,0,0,0,0,0,0,0,0,0,0,0,0,0,0,0,0,0,0,0,0,0,0,0,0,
0,0,0,0,0,0,0,0,0,0,0,0,0,0,0,0,0,0,0,0,0,0,0,0,0,0,0,0,0,0,0,0,0,0,0,0,0,0,0,0,0,0,0,0,0,0,0,0,0,0,0,0,186,166,21,255,223,212,3,255,201,193,13,255,113,107,91,232,0,0,0,0,0,0,0,0,0,0,0,0,0,0,0,0,0,0,0,0,0,0,0,0,98,101,205,255,4,3,163,255,186,186,225,255,95,96,93,255,52,50,57,255,38,34,35,255,65,67,64,255,189,189,200,255,47,42,180,255,4,3,163,255,26,30,213,255,57,49,146,255,66,26,16,255,66,26,16,255,57,49,146,255,26,30,213,255,4,3,163,255,176,178,209,255,116,118,118,255,95,96,93,255,95,96,93,255,168,169,166,255,143,143,176,255,4,3,163,255,4,3,163,255,3,2,137,255,86,83,120,68,0,0,0,0,0,0,0,0,0,0,0,0,0,0,0,0,0,0,0,0,0,0,0,0,0,0,0,0,0,0,0,0,0,0,0,0,0,0,0,0,0,0,0,0,0,0,0,0,0,0,0,0,0,0,0,0,
0,0,0,0,0,0,0,0,0,0,0,0,0,0,0,0,0,0,0,0,0,0,0,0,0,0,0,0,0,0,0,0,0,0,0,0,0,0,0,0,0,0,0,0,0,0,0,0,0,0,0,0,186,166,21,255,223,212,3,255,187,170,16,255,113,107,91,232,0,0,0,0,0,0,0,0,0,0,0,0,0,0,0,0,0,0,0,0,0,0,0,0,162,164,208,255,3,1,152,255,162,164,208,255,126,128,119,255,15,24,22,255,107,108,106,255,101,102,104,255,65,67,64,255,160,160,184,255,30,32,180,255,5,5,176,255,57,54,183,255,66,26,16,255,66,26,16,255,47,42,180,255,19,20,201,255,3,1,152,255,176,178,209,255,95,96,93,255,80,79,84,255,80,79,84,255,197,198,196,255,73,70,152,255,4,3,163,255,4,3,163,255,4,3,144,255,85,85,118,123,0,0,0,0,0,0,0,0,0,0,0,0,0,0,0,0,0,0,0,0,0,0,0,0,0,0,0,0,0,0,0,0,0,0,0,0,0,0,0,0,0,0,0,0,0,0,0,0,0,0,0,0,0,0,0,0,
0,0,0,0,0,0,0,0,0,0,0,0,0,0,0,0,0,0,0,0,0,0,0,0,0,0,0,0,0,0,0,0,0,0,0,0,0,0,0,0,0,0,0,0,0,0,0,0,0,0,0,0,186,166,21,255,223,212,3,255,187,170,16,255,113,107,91,232,0,0,0,0,0,0,0,0,0,0,0,0,0,0,0,0,0,0,0,0,0,0,0,0,196,199,229,255,3,1,152,255,42,29,159,255,189,189,200,255,80,79,84,255,52,50,57,255,75,73,72,255,14,8,10,255,75,73,72,255,143,143,176,255,3,2,137,255,50,52,214,255,41,27,48,255,41,27,48,255,39,40,210,255,5,5,176,255,4,3,144,255,176,178,209,255,128,129,128,255,182,182,187,255,101,102,104,255,187,187,176,255,79,79,147,255,3,1,152,255,3,1,152,255,3,2,130,253,86,84,119,154,0,0,0,0,0,0,0,0,0,0,0,0,0,0,0,0,0,0,0,0,0,0,0,0,0,0,0,0,0,0,0,0,0,0,0,0,0,0,0,0,0,0,0,0,0,0,0,0,0,0,0,0,0,0,0,0,
0,0,0,0,0,0,0,0,0,0,0,0,0,0,0,0,0,0,0,0,0,0,0,0,0,0,0,0,0,0,0,0,0,0,0,0,0,0,0,0,0,0,0,0,0,0,0,0,0,0,0,0,186,166,21,255,224,213,3,253,194,178,17,253,113,107,91,232,0,0,0,0,0,0,0,0,0,0,0,0,0,0,0,0,0,0,0,0,0,0,0,0,197,200,229,249,4,3,144,255,3,1,152,255,35,29,139,255,189,189,200,255,75,73,72,255,5,2,11,255,14,8,10,255,24,12,18,255,28,21,71,255,3,2,137,255,50,52,214,255,52,33,68,255,28,21,71,255,39,40,210,255,3,1,152,255,4,3,144,255,173,174,179,255,87,87,87,255,123,123,124,255,65,67,64,255,187,187,176,255,79,79,147,255,3,1,152,255,3,1,152,255,4,3,123,247,99,93,115,93,0,0,0,0,0,0,0,0,0,0,0,0,0,0,0,0,0,0,0,0,0,0,0,0,0,0,0,0,0,0,0,0,0,0,0,0,0,0,0,0,0,0,0,0,0,0,0,0,0,0,0,0,0,0,0,0,
0,0,0,0,0,0,0,0,0,0,0,0,0,0,0,0,0,0,0,0,0,0,0,0,0,0,0,0,0,0,0,0,0,0,0,0,0,0,0,0,0,0,0,0,0,0,0,0,0,0,0,0,187,170,16,255,223,212,3,255,193,178,17,255,117,111,92,241,0,0,0,0,0,0,0,0,0,0,0,0,0,0,0,0,0,0,0,0,0,0,0,0,208,209,242,200,3,2,137,255,3,1,152,255,4,3,144,255,35,29,139,255,122,122,174,255,116,118,118,255,38,34,35,255,6,2,48,255,3,1,152,255,3,2,130,255,30,32,180,255,57,49,146,255,35,29,139,255,19,20,201,255,35,29,139,255,133,133,184,255,101,102,104,255,15,24,22,255,38,34,35,255,15,24,22,255,187,188,188,255,57,49,146,255,4,3,144,255,4,3,144,255,3,2,130,255,111,111,125,53,0,0,0,0,0,0,0,0,0,0,0,0,0,0,0,0,0,0,0,0,0,0,0,0,0,0,0,0,0,0,0,0,0,0,0,0,0,0,0,0,0,0,0,0,0,0,0,0,0,0,0,0,0,0,0,0,
0,0,0,0,0,0,0,0,0,0,0,0,0,0,0,0,0,0,0,0,0,0,0,0,0,0,0,0,0,0,0,0,0,0,0,0,0,0,0,0,0,0,0,0,0,0,0,0,0,0,0,0,186,166,21,255,214,204,11,247,193,178,17,255,117,112,94,226,0,0,0,0,0,0,0,0,0,0,0,0,0,0,0,0,0,0,0,0,0,0,0,0,196,200,230,204,3,2,130,255,4,3,144,255,4,3,144,255,4,3,144,255,3,2,130,255,73,70,152,255,143,143,176,255,4,3,122,255,4,3,144,255,4,3,122,255,30,32,180,255,47,42,180,255,42,29,159,255,30,32,180,255,52,41,89,255,65,67,64,255,15,24,22,255,15,24,22,255,15,24,22,255,107,108,106,255,122,122,174,255,3,2,130,255,3,2,137,255,3,2,137,255,4,3,123,249,104,104,126,105,0,0,0,0,0,0,0,0,0,0,0,0,0,0,0,0,0,0,0,0,0,0,0,0,0,0,0,0,0,0,0,0,0,0,0,0,0,0,0,0,0,0,0,0,0,0,0,0,0,0,0,0,0,0,0,0,
0,0,0,0,0,0,0,0,0,0,0,0,0,0,0,0,0,0,0,0,0,0,0,0,0,0,0,0,0,0,0,0,0,0,0,0,0,0,0,0,0,0,0,0,0,0,0,0,0,0,0,0,172,152,16,253,213,204,11,255,193,178,17,255,114,108,91,237,0,0,0,0,0,0,0,0,0,0,0,0,0,0,0,0,0,0,0,0,0,0,0,0,187,187,225,247,4,3,122,255,3,2,137,255,3,2,130,255,3,2,130,255,3,2,137,255,4,3,122,255,4,3,122,255,3,2,137,255,3,2,137,255,3,2,111,255,30,32,180,255,42,29,159,255,42,29,159,255,30,32,180,255,3,1,61,255,5,2,11,255,14,8,10,255,5,2,11,255,107,108,106,255,133,133,184,255,4,3,122,255,3,2,130,255,3,2,130,255,3,2,137,255,4,3,122,255,106,106,123,91,0,0,0,0,0,0,0,0,0,0,0,0,0,0,0,0,0,0,0,0,0,0,0,0,0,0,0,0,0,0,0,0,0,0,0,0,0,0,0,0,0,0,0,0,0,0,0,0,0,0,0,0,0,0,0,0,
0,0,0,0,0,0,0,0,0,0,0,0,0,0,0,0,0,0,0,0,0,0,0,0,0,0,0,0,0,0,0,0,0,0,0,0,0,0,0,0,0,0,0,0,0,0,0,0,0,0,0,0,166,141,14,255,199,182,13,255,172,152,16,253,114,106,92,233,0,0,0,0,0,0,0,0,0,0,0,0,0,0,0,0,0,0,0,0,0,0,0,0,111,110,157,249,3,2,111,255,3,2,130,255,3,2,130,255,3,2,130,255,3,2,130,255,3,2,137,255,3,2,130,255,3,2,130,255,3,2,137,255,4,3,122,255,3,2,137,255,42,29,159,255,42,29,159,255,4,3,163,255,3,2,101,255,6,2,48,255,14,8,10,255,87,87,87,255,122,122,174,255,3,2,111,255,4,3,122,255,4,3,122,255,4,3,122,255,4,3,122,255,3,2,101,255,107,107,122,146,0,0,0,0,0,0,0,0,0,0,0,0,0,0,0,0,0,0,0,0,0,0,0,0,0,0,0,0,0,0,0,0,0,0,0,0,0,0,0,0,0,0,0,0,0,0,0,0,0,0,0,0,0,0,0,0,
0,0,0,0,0,0,0,0,0,0,0,0,0,0,0,0,0,0,0,0,0,0,0,0,0,0,0,0,0,0,0,0,0,0,0,0,0,0,0,0,0,0,0,0,0,0,0,0,0,0,0,0,142,115,15,251,166,141,14,255,133,104,11,255,113,106,92,180,0,0,0,0,0,0,0,0,0,0,0,0,0,0,0,0,0,0,0,0,255,255,255,6,31,30,106,255,3,2,111,255,3,2,111,255,4,3,122,255,3,2,130,255,3,2,130,255,3,2,130,255,3,2,130,255,3,2,130,255,3,2,130,255,3,2,111,255,3,2,111,255,31,22,129,255,31,22,129,255,4,3,122,255,3,2,111,255,2,1,88,255,73,69,96,255,110,109,156,255,3,1,96,255,3,2,111,255,3,2,111,255,3,2,111,255,3,2,111,255,3,2,111,255,3,1,97,253,80,79,84,200,0,0,0,0,0,0,0,0,0,0,0,0,0,0,0,0,0,0,0,0,0,0,0,0,0,0,0,0,0,0,0,0,0,0,0,0,0,0,0,0,0,0,0,0,0,0,0,0,0,0,0,0,0,0,0,0,
0,0,0,0,0,0,0,0,0,0,0,0,0,0,0,0,0,0,0,0,0,0,0,0,0,0,0,0,0,0,0,0,0,0,0,0,0,0,0,0,0,0,0,0,0,0,0,0,0,0,0,0,177,177,137,13,115,98,76,224,77,75,75,109,0,0,0,0,0,0,0,0,0,0,0,0,0,0,0,0,0,0,0,0,0,0,0,0,164,164,186,92,3,2,70,253,3,2,101,255,3,2,101,255,3,2,101,255,3,2,111,255,3,2,111,255,3,2,111,255,3,2,111,255,3,2,111,255,3,2,111,255,3,2,101,255,2,1,88,255,15,6,68,255,15,6,68,255,3,2,101,255,3,2,111,255,3,2,101,255,3,2,101,255,3,1,96,255,3,2,101,255,3,1,96,255,3,2,101,255,3,1,96,255,3,2,101,255,3,2,101,255,2,1,88,255,29,23,72,249,0,0,0,0,0,0,0,0,0,0,0,0,0,0,0,0,0,0,0,0,0,0,0,0,0,0,0,0,0,0,0,0,0,0,0,0,0,0,0,0,0,0,0,0,0,0,0,0,0,0,0,0,0,0,0,0,
0,0,0,0,0,0,0,0,0,0,0,0,0,0,0,0,0,0,0,0,0,0,0,0,0,0,0,0,0,0,0,0,0,0,0,0,0,0,0,0,0,0,0,0,0,0,0,0,0,0,0,0,0,0,0,0,0,0,0,0,0,0,0,0,0,0,0,0,0,0,0,0,0,0,0,0,0,0,0,0,0,0,0,0,0,0,0,0,64,58,72,251,61,23,31,255,66,26,16,255,17,13,55,255,2,1,88,255,3,1,96,255,3,1,96,255,3,1,96,255,3,1,96,255,3,1,96,255,3,1,96,255,3,1,96,255,3,2,78,255,6,2,48,255,15,6,68,255,3,1,96,255,3,1,96,255,2,1,88,255,3,2,78,255,2,1,88,255,3,2,78,255,3,2,78,255,2,1,88,255,3,2,78,255,3,2,78,255,3,2,78,255,3,2,78,255,17,13,55,253,0,0,0,0,0,0,0,0,0,0,0,0,0,0,0,0,0,0,0,0,0,0,0,0,0,0,0,0,0,0,0,0,0,0,0,0,0,0,0,0,0,0,0,0,0,0,0,0,0,0,0,0,0,0,0,0,
0,0,0,0,0,0,0,0,0,0,0,0,0,0,0,0,0,0,0,0,0,0,0,0,0,0,0,0,0,0,0,0,0,0,0,0,0,0,0,0,0,0,0,0,0,0,0,0,0,0,0,0,0,0,0,0,0,0,0,0,0,0,0,0,0,0,0,0,0,0,0,0,0,0,0,0,0,0,0,0,0,0,0,0,0,0,0,0,91,60,36,255,183,104,40,255,207,120,38,255,45,21,19,251,3,2,69,255,3,2,78,255,3,2,78,255,3,2,79,253,3,2,78,255,3,2,79,253,3,2,78,255,3,2,78,255,3,2,69,255,6,2,48,255,15,6,68,255,3,2,78,255,3,2,78,255,3,2,69,255,3,2,69,255,3,2,69,255,3,2,69,251,3,2,69,255,3,2,79,253,3,2,69,255,3,2,70,253,16,6,31,255,24,12,18,253,16,6,31,255,0,0,0,0,0,0,0,0,0,0,0,0,0,0,0,0,0,0,0,0,0,0,0,0,0,0,0,0,0,0,0,0,0,0,0,0,0,0,0,0,0,0,0,0,0,0,0,0,0,0,0,0,0,0,0,0,
0,0,0,0,0,0,0,0,0,0,0,0,0,0,0,0,0,0,0,0,0,0,0,0,0,0,0,0,0,0,0,0,0,0,0,0,0,0,0,0,0,0,0,0,0,0,0,0,0,0,0,0,0,0,0,0,0,0,0,0,0,0,0,0,0,0,0,0,0,0,0,0,0,0,0,0,0,0,0,0,0,0,0,0,0,0,0,0,91,60,36,255,145,76,19,249,172,80,8,255,44,21,19,255,6,2,49,251,6,2,48,249,3,1,61,255,3,2,69,255,3,1,61,255,3,1,61,255,3,1,61,255,3,1,61,255,3,1,61,255,6,2,48,253,3,1,61,253,3,1,61,253,3,1,61,253,3,2,70,253,3,1,62,247,6,2,48,255,3,1,61,255,6,2,48,255,5,1,36,249,6,2,48,255,5,1,35,255,111,53,8,253,183,104,40,255,88,38,5,255,0,0,0,0,0,0,0,0,0,0,0,0,0,0,0,0,0,0,0,0,0,0,0,0,0,0,0,0,0,0,0,0,0,0,0,0,0,0,0,0,0,0,0,0,0,0,0,0,0,0,0,0,0,0,0,0,
0,0,0,0,0,0,0,0,0,0,0,0,0,0,0,0,0,0,0,0,0,0,0,0,0,0,0,0,0,0,0,0,0,0,0,0,0,0,0,0,0,0,0,0,0,0,0,0,0,0,0,0,0,0,0,0,0,0,0,0,0,0,0,0,0,0,0,0,0,0,0,0,0,0,0,0,0,0,0,0,0,0,0,0,0,0,0,0,53,51,58,251,14,8,10,255,24,12,18,253,24,12,18,255,96,45,8,255,123,57,5,253,44,21,19,255,6,2,48,255,25,15,39,253,42,18,6,251,44,21,19,255,6,2,48,255,6,2,48,255,16,6,31,255,16,6,31,255,6,2,48,255,6,2,48,255,44,21,19,255,41,18,6,255,25,15,39,255,6,2,48,249,44,21,19,255,110,53,8,255,96,45,8,255,24,12,18,253,129,65,9,255,235,141,52,251,110,53,8,255,51,51,51,5,0,0,0,0,0,0,0,0,0,0,0,0,0,0,0,0,0,0,0,0,0,0,0,0,0,0,0,0,0,0,0,0,0,0,0,0,0,0,0,0,0,0,0,0,0,0,0,0,0,0,0,0,
0,0,0,0,0,0,0,0,0,0,0,0,0,0,0,0,0,0,0,0,0,0,0,0,0,0,0,0,0,0,0,0,0,0,0,0,0,0,0,0,0,0,0,0,0,0,0,0,0,0,0,0,0,0,0,0,0,0,0,0,0,0,0,0,0,0,0,0,0,0,0,0,0,0,0,0,0,0,0,0,0,0,0,0,0,0,0,0,75,68,98,112,5,1,35,255,6,2,49,251,24,12,18,255,183,105,40,253,234,141,51,255,77,32,6,255,3,1,21,255,88,38,5,255,207,120,38,255,145,76,19,253,16,6,31,253,44,21,19,253,135,63,5,253,110,53,8,255,16,6,31,255,14,8,10,255,145,75,19,255,208,121,38,253,88,38,5,255,3,1,21,255,77,32,6,255,234,141,51,255,184,105,41,251,41,18,6,253,44,21,19,255,77,32,6,255,41,18,6,255,51,51,51,5,0,0,0,0,0,0,0,0,0,0,0,0,0,0,0,0,0,0,0,0,0,0,0,0,0,0,0,0,0,0,0,0,0,0,0,0,0,0,0,0,0,0,0,0,0,0,0,0,0,0,0,0,
0,0,0,0,0,0,0,0,0,0,0,0,0,0,0,0,0,0,0,0,0,0,0,0,0,0,0,0,0,0,0,0,0,0,0,0,0,0,0,0,0,0,0,0,0,0,0,0,0,0,0,0,0,0,0,0,0,0,0,0,0,0,0,0,0,0,0,0,0,0,0,0,0,0,0,0,0,0,0,0,0,0,0,0,0,0,0,0,0,0,0,0,25,15,39,255,5,1,35,255,24,12,18,255,111,53,8,253,129,65,9,255,44,23,19,249,3,1,21,255,88,38,5,255,208,121,38,253,145,75,19,255,14,8,10,255,77,32,6,255,234,141,51,255,183,104,40,255,14,8,10,255,5,2,11,255,145,76,19,253,207,120,38,255,88,38,5,255,3,1,21,251,44,21,19,253,129,65,9,255,111,53,8,253,24,12,18,255,5,1,35,255,3,1,21,255,3,1,22,243,0,0,0,0,0,0,0,0,0,0,0,0,0,0,0,0,0,0,0,0,0,0,0,0,0,0,0,0,0,0,0,0,0,0,0,0,0,0,0,0,0,0,0,0,0,0,0,0,0,0,0,0,0,0,0,0,
0,0,0,0,0,0,0,0,0,0,0,0,0,0,0,0,0,0,0,0,0,0,0,0,0,0,0,0,0,0,0,0,0,0,0,0,0,0,0,0,0,0,0,0,0,0,0,0,0,0,0,0,0,0,0,0,0,0,0,0,0,0,0,0,0,0,0,0,0,0,0,0,0,0,0,0,0,0,0,0,0,0,0,0,0,0,0,0,0,0,0,0,0,0,0,0,5,1,23,213,5,2,11,255,5,2,11,255,5,2,11,251,3,1,21,253,3,1,21,255,24,12,18,251,41,18,6,255,41,18,6,253,5,2,11,253,44,21,19,255,122,57,5,255,96,45,8,255,14,8,10,255,5,2,11,255,41,18,6,255,42,18,6,249,24,12,18,255,3,1,21,255,5,2,11,253,5,2,11,255,5,2,11,249,3,1,21,255,3,1,22,243,17,7,34,105,0,0,0,0,0,0,0,0,0,0,0,0,0,0,0,0,0,0,0,0,0,0,0,0,0,0,0,0,0,0,0,0,0,0,0,0,0,0,0,0,0,0,0,0,0,0,0,0,0,0,0,0,0,0,0,0,0,0,0,0,
0,0,0,0,0,0,0,0,0,0,0,0,0,0,0,0,0,0,0,0,0,0,0,0,0,0,0,0,0,0,0,0,0,0,0,0,0,0,0,0,0,0,0,0,0,0,0,0,0,0,0,0,0,0,0,0,0,0,0,0,0,0,0,0,0,0,0,0,0,0,0,0,0,0,0,0,0,0,0,0,0,0,0,0,0,0,0,0,0,0,0,0,0,0,0,0,0,0,0,0,255,0,255,2,43,28,47,54,17,6,31,197,3,1,21,241,5,1,36,241,3,1,22,243,3,1,22,245,3,1,21,239,3,1,21,241,3,1,22,243,17,6,31,245,15,6,32,247,3,1,23,249,3,1,23,249,3,1,23,249,3,1,22,247,3,1,23,237,3,1,22,243,3,1,21,239,3,3,20,151,18,6,30,42,28,28,28,9,0,0,85,3,0,0,0,0,0,0,0,0,0,0,0,0,0,0,0,0,0,0,0,0,0,0,0,0,0,0,0,0,0,0,0,0,0,0,0,0,0,0,0,0,0,0,0,0,0,0,0,0,0,0,0,0,0,0,0,0,0,0,0,0,0,0,0,0,
0,0,0,0,0,0,0,0,0,0,0,0,0,0,0,0,0,0,0,0,0,0,0,0,0,0,0,0,0,0,0,0,0,0,0,0,0,0,0,0,0,0,0,0,0,0,0,0,0,0,0,0,0,0,0,0,0,0,0,0,0,0,0,0,0,0,0,0,0,0,0,0,0,0,0,0,0,0,0,0,0,0,0,0,0,0,0,0,0,0,0,0,0,0,0,0,0,0,0,0,0,0,0,0,0,0,0,0,0,0,0,0,0,0,0,0,0,0,0,0,0,0,0,0,0,0,0,0,0,0,0,0,0,0,0,0,0,0,0,0,0,0,0,0,0,0,0,0,0,0,0,0,0,0,0,0,0,0,0,0,0,0,0,0,0,0,0,0,0,0,0,0,0,0,0,0,0,0,0,0,0,0,0,0,0,0,0,0,0,0,0,0,0,0,0,0,0,0,0,0,0,0,0,0,0,0,0,0,0,0,0,0,0,0,0,0,0,0,0,0,0,0,0,0,0,0,0,0,0,0,0,0,0,0,0,0,0,0,0,0,0,0,0,0,0,0,0,0,0,0,0,0,0,0,0,0
]